10,134
10,73
10,219
10,23
10,241
10,298
10,301
10,87
10,2
10,3
11,11
11,7
11,17
11,30
11,18
11,29
11,22
11,1
11,20
11,2
11,3
9,5
9,1
9,7
8,12
8,7
8,17
8,4
12,2
12,1
12,3
265,4
265,3
265,2
265,1
265,0
135,5
135,4
135,3
135,2
135,1
135,0
127,4
127,3
127,2
127,1
127,0
126,4
126,3
126,2
126,1
126,0
106,3
106,2
106,1
106,0
105,4
105,3
105,2
105,1
105,0
103,5
103,4
103,3
103,2
2,2
103,1
2,1
103,0
20,3
20,2
2,3
20,1
19,3
19,2
19,1
18,3
18,1
14,3
14,1
13,3
13,1
10,260
10,240
10,126
10,100
10,93
10,1
10,8
9,3
9,2
8,18
8,13
8,1
8,11
8,3
8,2
3,3
3,2
3,1
0,472
0,386
0,278
0,273
0,270
0,9
0,0
266,34
266,33
266,32
